
solution 1:
	[00|0|00] 1
	[00|1|00] 2
	[00|2|00] 3
	[00|3|00] 4
	[00|4|00] 5
	[00|5|00] 6
	[00|6|00] 7
	[00|7|00] 8
	[00|8|00] 9
	[00|9|00] 10
	[00|a|00] 11
	[00|b|00] 12
	[00|c|00] 13
	[01|0|01] 14
	[01|0|10] 15
	[01|1|01] 16
	[01|1|10] 17
	[01|2|01] 18
	[01|2|10] 19
	[01|3|01] 20
	[01|3|10] 21
	[01|4|01] 22
	[01|4|10] 23
	[01|5|01] 24
	[01|5|10] 25
	[01|6|01] 26
	[01|6|10] 27
	[01|7|01] 28
	[01|7|10] 29
	[01|8|01] 30
	[01|8|10] 31
	[01|9|01] 32
	[01|9|10] 33
	[01|a|01] 34
	[01|a|10] 35
	[01|b|01] 36
	[01|b|10] 37
	[01|c|01] 38
	[01|c|10] 39
	[02|0|02] 40
	[02|0|11] 41
	[02|0|20] 42
	[02|1|02] 43
	[02|1|11] 44
	[02|1|20] 45
	[02|2|02] 46
	[02|2|11] 47
	[02|2|20] 48
	[02|3|02] 49
	[02|3|11] 50
	[02|3|20] 51
	[02|4|02] 52
	[02|4|11] 53
	[02|4|20] 54
	[02|5|02] 55
	[02|5|11] 56
	[02|5|20] 57
	[02|6|02] 58
	[02|6|11] 59
	[02|6|20] 60
	[02|7|02] 61
	[02|7|11] 62
	[02|7|20] 63
	[02|8|02] 64
	[02|8|11] 65
	[02|8|20] 66
	[02|9|02] 67
	[02|9|11] 68
	[02|9|20] 69
	[02|a|02] 70
	[02|a|11] 71
	[02|a|20] 72
	[02|b|02] 73
	[02|b|11] 74
	[02|b|20] 75
	[02|c|02] 76
	[02|c|11] 77
	[02|c|20] 78
	[03|0|03] 79
	[03|0|12] 80
	[03|0|21] 81
	[03|0|30] 82
	[03|1|03] 83
	[03|1|12] 84
	[03|1|21] 85
	[03|1|30] 86
	[03|2|03] 87
	[03|2|12] 88
	[03|2|21] 89
	[03|2|30] 90
	[03|3|03] 91
	[03|3|12] 92
	[03|3|21] 93
	[03|3|30] 94
	[03|4|03] 95
	[03|4|12] 96
	[03|4|21] 97
	[03|4|30] 98
	[03|5|03] 99
	[03|5|12] 100
	[03|5|21] 101
	[03|5|30] 102
	[03|6|03] 103
	[03|6|12] 104
	[03|6|21] 105
	[03|6|30] 106
	[03|7|03] 107
	[03|7|12] 108
	[03|7|21] 109
	[03|7|30] 110
	[03|8|03] 111
	[03|8|12] 112
	[03|8|21] 113
	[03|8|30] 114
	[03|9|03] 115
	[03|9|12] 116
	[03|9|21] 117
	[03|9|30] 118
	[03|a|03] 119
	[03|a|12] 120
	[03|a|21] 121
	[03|a|30] 122
	[03|b|03] 123
	[03|b|12] 124
	[03|b|21] 125
	[03|b|30] 126
	[03|c|03] 127
	[03|c|12] 128
	[03|c|21] 129
	[03|c|30] 130
	[04|0|04] 131
	[04|0|13] 132
	[04|0|22] 133
	[04|0|31] 134
	[04|0|40] 135
	[04|1|04] 136
	[04|1|13] 137
	[04|1|22] 138
	[04|1|31] 139
	[04|1|40] 140
	[04|2|04] 141
	[04|2|13] 142
	[04|2|22] 143
	[04|2|31] 144
	[04|2|40] 145
	[04|3|04] 146
	[04|3|13] 147
	[04|3|22] 148
	[04|3|31] 149
	[04|3|40] 150
	[04|4|04] 151
	[04|4|13] 152
	[04|4|22] 153
	[04|4|31] 154
	[04|4|40] 155
	[04|5|04] 156
	[04|5|13] 157
	[04|5|22] 158
	[04|5|31] 159
	[04|5|40] 160
	[04|6|04] 161
	[04|6|13] 162
	[04|6|22] 163
	[04|6|31] 164
	[04|6|40] 165
	[04|7|04] 166
	[04|7|13] 167
	[04|7|22] 168
	[04|7|31] 169
	[04|7|40] 170
	[04|8|04] 171
	[04|8|13] 172
	[04|8|22] 173
	[04|8|31] 174
	[04|8|40] 175
	[04|9|04] 176
	[04|9|13] 177
	[04|9|22] 178
	[04|9|31] 179
	[04|9|40] 180
	[04|a|04] 181
	[04|a|13] 182
	[04|a|22] 183
	[04|a|31] 184
	[04|a|40] 185
	[04|b|04] 186
	[04|b|13] 187
	[04|b|22] 188
	[04|b|31] 189
	[04|b|40] 190
	[04|c|04] 191
	[04|c|13] 192
	[04|c|22] 193
	[04|c|31] 194
	[04|c|40] 195
	[05|0|05] 196
	[05|0|14] 197
	[05|0|23] 198
	[05|0|32] 199
	[05|0|41] 200
	[05|0|50] 201
	[05|1|05] 202
	[05|1|14] 203
	[05|1|23] 204
	[05|1|32] 205
	[05|1|41] 206
	[05|1|50] 207
	[05|2|05] 208
	[05|2|14] 209
	[05|2|23] 210
	[05|2|32] 211
	[05|2|41] 212
	[05|2|50] 213
	[05|3|05] 214
	[05|3|14] 215
	[05|3|23] 216
	[05|3|32] 217
	[05|3|41] 218
	[05|3|50] 219
	[05|4|05] 220
	[05|4|14] 221
	[05|4|23] 222
	[05|4|32] 223
	[05|4|41] 224
	[05|4|50] 225
	[05|5|05] 226
	[05|5|14] 227
	[05|5|23] 228
	[05|5|32] 229
	[05|5|41] 230
	[05|5|50] 231
	[05|6|05] 232
	[05|6|14] 233
	[05|6|23] 234
	[05|6|32] 235
	[05|6|41] 236
	[05|6|50] 237
	[05|7|05] 238
	[05|7|14] 239
	[05|7|23] 240
	[05|7|32] 241
	[05|7|41] 242
	[05|7|50] 243
	[05|8|05] 244
	[05|8|14] 245
	[05|8|23] 246
	[05|8|32] 247
	[05|8|41] 248
	[05|8|50] 249
	[05|9|05] 250
	[05|9|14] 251
	[05|9|23] 252
	[05|9|32] 253
	[05|9|41] 254
	[05|9|50] 255
	[05|a|05] 256
	[05|a|14] 257
	[05|a|23] 258
	[05|a|32] 259
	[05|a|41] 260
	[05|a|50] 261
	[05|b|05] 262
	[05|b|14] 263
	[05|b|23] 264
	[05|b|32] 265
	[05|b|41] 266
	[05|b|50] 267
	[05|c|05] 268
	[05|c|14] 269
	[05|c|23] 270
	[05|c|32] 271
	[05|c|41] 272
	[05|c|50] 273
	[06|0|06] 274
	[06|0|15] 275
	[06|0|24] 276
	[06|0|33] 277
	[06|0|42] 278
	[06|0|51] 279
	[06|0|60] 280
	[06|1|06] 281
	[06|1|15] 282
	[06|1|24] 283
	[06|1|33] 284
	[06|1|42] 285
	[06|1|51] 286
	[06|1|60] 287
	[06|2|06] 288
	[06|2|15] 289
	[06|2|24] 290
	[06|2|33] 291
	[06|2|42] 292
	[06|2|51] 293
	[06|2|60] 294
	[06|3|06] 295
	[06|3|15] 296
	[06|3|24] 297
	[06|3|33] 298
	[06|3|42] 299
	[06|3|51] 300
	[06|3|60] 301
	[06|4|06] 302
	[06|4|15] 303
	[06|4|24] 304
	[06|4|33] 305
	[06|4|42] 306
	[06|4|51] 307
	[06|4|60] 308
	[06|5|06] 309
	[06|5|15] 310
	[06|5|24] 311
	[06|5|33] 312
	[06|5|42] 313
	[06|5|51] 314
	[06|5|60] 315
	[06|6|06] 316
	[06|6|15] 317
	[06|6|24] 318
	[06|6|33] 319
	[06|6|42] 320
	[06|6|51] 321
	[06|6|60] 322
	[06|7|06] 323
	[06|7|15] 324
	[06|7|24] 325
	[06|7|33] 326
	[06|7|42] 327
	[06|7|51] 328
	[06|7|60] 329
	[06|8|06] 330
	[06|8|15] 331
	[06|8|24] 332
	[06|8|33] 333
	[06|8|42] 334
	[06|8|51] 335
	[06|8|60] 336
	[06|9|06] 337
	[06|9|15] 338
	[06|9|24] 339
	[06|9|33] 340
	[06|9|42] 341
	[06|9|51] 342
	[06|9|60] 343
	[06|a|06] 344
	[06|a|15] 345
	[06|a|24] 346
	[06|a|33] 347
	[06|a|42] 348
	[06|a|51] 349
	[06|a|60] 350
	[06|b|06] 351
	[06|b|15] 352
	[06|b|24] 353
	[06|b|33] 354
	[06|b|42] 355
	[06|b|51] 356
	[06|b|60] 357
	[06|c|06] 358
	[06|c|15] 359
	[06|c|24] 360
	[06|c|33] 361
	[06|c|42] 362
	[06|c|51] 363
	[06|c|60] 364
	[07|0|07] 365
	[07|0|16] 366
	[07|0|25] 367
	[07|0|34] 368
	[07|0|43] 369
	[07|0|52] 370
	[07|0|61] 371
	[07|0|70] 372
	[07|1|07] 373
	[07|1|16] 374
	[07|1|25] 375
	[07|1|34] 376
	[07|1|43] 377
	[07|1|52] 378
	[07|1|61] 379
	[07|1|70] 380
	[07|2|07] 381
	[07|2|16] 382
	[07|2|25] 383
	[07|2|34] 384
	[07|2|43] 385
	[07|2|52] 386
	[07|2|61] 387
	[07|2|70] 388
	[07|3|07] 389
	[07|3|16] 390
	[07|3|25] 391
	[07|3|34] 392
	[07|3|43] 393
	[07|3|52] 394
	[07|3|61] 395
	[07|3|70] 396
	[07|4|07] 397
	[07|4|16] 398
	[07|4|25] 399
	[07|4|34] 400
	[07|4|43] 401
	[07|4|52] 402
	[07|4|61] 403
	[07|4|70] 404
	[07|5|07] 405
	[07|5|16] 406
	[07|5|25] 407
	[07|5|34] 408
	[07|5|43] 409
	[07|5|52] 410
	[07|5|61] 411
	[07|5|70] 412
	[07|6|07] 413
	[07|6|16] 414
	[07|6|25] 415
	[07|6|34] 416
	[07|6|43] 417
	[07|6|52] 418
	[07|6|61] 419
	[07|6|70] 420
	[07|7|07] 421
	[07|7|16] 422
	[07|7|25] 423
	[07|7|34] 424
	[07|7|43] 425
	[07|7|52] 426
	[07|7|61] 427
	[07|7|70] 428
	[07|8|07] 429
	[07|8|16] 430
	[07|8|25] 431
	[07|8|34] 432
	[07|8|43] 433
	[07|8|52] 434
	[07|8|61] 435
	[07|8|70] 436
	[07|9|07] 437
	[07|9|16] 438
	[07|9|25] 439
	[07|9|34] 440
	[07|9|43] 441
	[07|9|52] 442
	[07|9|61] 443
	[07|9|70] 444
	[07|a|07] 445
	[07|a|16] 446
	[07|a|25] 447
	[07|a|34] 448
	[07|a|43] 449
	[07|a|52] 450
	[07|a|61] 451
	[07|a|70] 452
	[07|b|07] 453
	[07|b|16] 454
	[07|b|25] 455
	[07|b|34] 456
	[07|b|43] 457
	[07|b|52] 458
	[07|b|61] 459
	[07|b|70] 460
	[07|c|07] 461
	[07|c|16] 462
	[07|c|25] 463
	[07|c|34] 464
	[07|c|43] 465
	[07|c|52] 466
	[07|c|61] 467
	[07|c|70] 468
	[08|0|08] 469
	[08|0|17] 470
	[08|0|26] 471
	[08|0|35] 472
	[08|0|44] 473
	[08|0|53] 474
	[08|0|62] 475
	[08|0|71] 476
	[08|0|80] 477
	[08|1|08] 478
	[08|1|17] 479
	[08|1|26] 480
	[08|1|35] 481
	[08|1|44] 482
	[08|1|53] 483
	[08|1|62] 484
	[08|1|71] 485
	[08|1|80] 486
	[08|2|08] 487
	[08|2|17] 488
	[08|2|26] 489
	[08|2|35] 490
	[08|2|44] 491
	[08|2|53] 492
	[08|2|62] 493
	[08|2|71] 494
	[08|2|80] 495
	[08|3|08] 496
	[08|3|17] 497
	[08|3|26] 498
	[08|3|35] 499
	[08|3|44] 500
	[08|3|53] 501
	[08|3|62] 502
	[08|3|71] 503
	[08|3|80] 504
	[08|4|08] 505
	[08|4|17] 506
	[08|4|26] 507
	[08|4|35] 508
	[08|4|44] 509
	[08|4|53] 510
	[08|4|62] 511
	[08|4|71] 512
	[08|4|80] 513
	[08|5|08] 514
	[08|5|17] 515
	[08|5|26] 516
	[08|5|35] 517
	[08|5|44] 518
	[08|5|53] 519
	[08|5|62] 520
	[08|5|71] 521
	[08|5|80] 522
	[08|6|08] 523
	[08|6|17] 524
	[08|6|26] 525
	[08|6|35] 526
	[08|6|44] 527
	[08|6|53] 528
	[08|6|62] 529
	[08|6|71] 530
	[08|6|80] 531
	[08|7|08] 532
	[08|7|17] 533
	[08|7|26] 534
	[08|7|35] 535
	[08|7|44] 536
	[08|7|53] 537
	[08|7|62] 538
	[08|7|71] 539
	[08|7|80] 540
	[08|8|08] 541
	[08|8|17] 542
	[08|8|26] 543
	[08|8|35] 544
	[08|8|44] 545
	[08|8|53] 546
	[08|8|62] 547
	[08|8|71] 548
	[08|8|80] 549
	[08|9|08] 550
	[08|9|17] 551
	[08|9|26] 552
	[08|9|35] 553
	[08|9|44] 554
	[08|9|53] 555
	[08|9|62] 556
	[08|9|71] 557
	[08|9|80] 558
	[08|a|08] 559
	[08|a|17] 560
	[08|a|26] 561
	[08|a|35] 562
	[08|a|44] 563
	[08|a|53] 564
	[08|a|62] 565
	[08|a|71] 566
	[08|a|80] 567
	[08|b|08] 568
	[08|b|17] 569
	[08|b|26] 570
	[08|b|35] 571
	[08|b|44] 572
	[08|b|53] 573
	[08|b|62] 574
	[08|b|71] 575
	[08|b|80] 576
	[08|c|08] 577
	[08|c|17] 578
	[08|c|26] 579
	[08|c|35] 580
	[08|c|44] 581
	[08|c|53] 582
	[08|c|62] 583
	[08|c|71] 584
	[08|c|80] 585
	[09|0|09] 586
	[09|0|18] 587
	[09|0|27] 588
	[09|0|36] 589
	[09|0|45] 590
	[09|0|54] 591
	[09|0|63] 592
	[09|0|72] 593
	[09|0|81] 594
	[09|0|90] 595
	[09|1|09] 596
	[09|1|18] 597
	[09|1|27] 598
	[09|1|36] 599
	[09|1|45] 600
	[09|1|54] 601
	[09|1|63] 602
	[09|1|72] 603
	[09|1|81] 604
	[09|1|90] 605
	[09|2|09] 606
	[09|2|18] 607
	[09|2|27] 608
	[09|2|36] 609
	[09|2|45] 610
	[09|2|54] 611
	[09|2|63] 612
	[09|2|72] 613
	[09|2|81] 614
	[09|2|90] 615
	[09|3|09] 616
	[09|3|18] 617
	[09|3|27] 618
	[09|3|36] 619
	[09|3|45] 620
	[09|3|54] 621
	[09|3|63] 622
	[09|3|72] 623
	[09|3|81] 624
	[09|3|90] 625
	[09|4|09] 626
	[09|4|18] 627
	[09|4|27] 628
	[09|4|36] 629
	[09|4|45] 630
	[09|4|54] 631
	[09|4|63] 632
	[09|4|72] 633
	[09|4|81] 634
	[09|4|90] 635
	[09|5|09] 636
	[09|5|18] 637
	[09|5|27] 638
	[09|5|36] 639
	[09|5|45] 640
	[09|5|54] 641
	[09|5|63] 642
	[09|5|72] 643
	[09|5|81] 644
	[09|5|90] 645
	[09|6|09] 646
	[09|6|18] 647
	[09|6|27] 648
	[09|6|36] 649
	[09|6|45] 650
	[09|6|54] 651
	[09|6|63] 652
	[09|6|72] 653
	[09|6|81] 654
	[09|6|90] 655
	[09|7|09] 656
	[09|7|18] 657
	[09|7|27] 658
	[09|7|36] 659
	[09|7|45] 660
	[09|7|54] 661
	[09|7|63] 662
	[09|7|72] 663
	[09|7|81] 664
	[09|7|90] 665
	[09|8|09] 666
	[09|8|18] 667
	[09|8|27] 668
	[09|8|36] 669
	[09|8|45] 670
	[09|8|54] 671
	[09|8|63] 672
	[09|8|72] 673
	[09|8|81] 674
	[09|8|90] 675
	[09|9|09] 676
	[09|9|18] 677
	[09|9|27] 678
	[09|9|36] 679
	[09|9|45] 680
	[09|9|54] 681
	[09|9|63] 682
	[09|9|72] 683
	[09|9|81] 684
	[09|9|90] 685
	[09|a|09] 686
	[09|a|18] 687
	[09|a|27] 688
	[09|a|36] 689
	[09|a|45] 690
	[09|a|54] 691
	[09|a|63] 692
	[09|a|72] 693
	[09|a|81] 694
	[09|a|90] 695
	[09|b|09] 696
	[09|b|18] 697
	[09|b|27] 698
	[09|b|36] 699
	[09|b|45] 700
	[09|b|54] 701
	[09|b|63] 702
	[09|b|72] 703
	[09|b|81] 704
	[09|b|90] 705
	[09|c|09] 706
	[09|c|18] 707
	[09|c|27] 708
	[09|c|36] 709
	[09|c|45] 710
	[09|c|54] 711
	[09|c|63] 712
	[09|c|72] 713
	[09|c|81] 714
	[09|c|90] 715
	[0a|0|0a] 716
	[0a|0|19] 717
	[0a|0|28] 718
	[0a|0|37] 719
	[0a|0|46] 720
	[0a|0|55] 721
	[0a|0|64] 722
	[0a|0|73] 723
	[0a|0|82] 724
	[0a|0|91] 725
	[0a|0|a0] 726
	[0a|1|0a] 727
	[0a|1|19] 728
	[0a|1|28] 729
	[0a|1|37] 730
	[0a|1|46] 731
	[0a|1|55] 732
	[0a|1|64] 733
	[0a|1|73] 734
	[0a|1|82] 735
	[0a|1|91] 736
	[0a|1|a0] 737
	[0a|2|0a] 738
	[0a|2|19] 739
	[0a|2|28] 740
	[0a|2|37] 741
	[0a|2|46] 742
	[0a|2|55] 743
	[0a|2|64] 744
	[0a|2|73] 745
	[0a|2|82] 746
	[0a|2|91] 747
	[0a|2|a0] 748
	[0a|3|0a] 749
	[0a|3|19] 750
	[0a|3|28] 751
	[0a|3|37] 752
	[0a|3|46] 753
	[0a|3|55] 754
	[0a|3|64] 755
	[0a|3|73] 756
	[0a|3|82] 757
	[0a|3|91] 758
	[0a|3|a0] 759
	[0a|4|0a] 760
	[0a|4|19] 761
	[0a|4|28] 762
	[0a|4|37] 763
	[0a|4|46] 764
	[0a|4|55] 765
	[0a|4|64] 766
	[0a|4|73] 767
	[0a|4|82] 768
	[0a|4|91] 769
	[0a|4|a0] 770
	[0a|5|0a] 771
	[0a|5|19] 772
	[0a|5|28] 773
	[0a|5|37] 774
	[0a|5|46] 775
	[0a|5|55] 776
	[0a|5|64] 777
	[0a|5|73] 778
	[0a|5|82] 779
	[0a|5|91] 780
	[0a|5|a0] 781
	[0a|6|0a] 782
	[0a|6|19] 783
	[0a|6|28] 784
	[0a|6|37] 785
	[0a|6|46] 786
	[0a|6|55] 787
	[0a|6|64] 788
	[0a|6|73] 789
	[0a|6|82] 790
	[0a|6|91] 791
	[0a|6|a0] 792
	[0a|7|0a] 793
	[0a|7|19] 794
	[0a|7|28] 795
	[0a|7|37] 796
	[0a|7|46] 797
	[0a|7|55] 798
	[0a|7|64] 799
	[0a|7|73] 800
	[0a|7|82] 801
	[0a|7|91] 802
	[0a|7|a0] 803
	[0a|8|0a] 804
	[0a|8|19] 805
	[0a|8|28] 806
	[0a|8|37] 807
	[0a|8|46] 808
	[0a|8|55] 809
	[0a|8|64] 810
	[0a|8|73] 811
	[0a|8|82] 812
	[0a|8|91] 813
	[0a|8|a0] 814
	[0a|9|0a] 815
	[0a|9|19] 816
	[0a|9|28] 817
	[0a|9|37] 818
	[0a|9|46] 819
	[0a|9|55] 820
	[0a|9|64] 821
	[0a|9|73] 822
	[0a|9|82] 823
	[0a|9|91] 824
	[0a|9|a0] 825
	[0a|a|0a] 826
	[0a|a|19] 827
	[0a|a|28] 828
	[0a|a|37] 829
	[0a|a|46] 830
	[0a|a|55] 831
	[0a|a|64] 832
	[0a|a|73] 833
	[0a|a|82] 834
	[0a|a|91] 835
	[0a|a|a0] 836
	[0a|b|0a] 837
	[0a|b|19] 838
	[0a|b|28] 839
	[0a|b|37] 840
	[0a|b|46] 841
	[0a|b|55] 842
	[0a|b|64] 843
	[0a|b|73] 844
	[0a|b|82] 845
	[0a|b|91] 846
	[0a|b|a0] 847
	[0a|c|0a] 848
	[0a|c|19] 849
	[0a|c|28] 850
	[0a|c|37] 851
	[0a|c|46] 852
	[0a|c|55] 853
	[0a|c|64] 854
	[0a|c|73] 855
	[0a|c|82] 856
	[0a|c|91] 857
	[0a|c|a0] 858
	[0b|0|0b] 859
	[0b|0|1a] 860
	[0b|0|29] 861
	[0b|0|38] 862
	[0b|0|47] 863
	[0b|0|56] 864
	[0b|0|65] 865
	[0b|0|74] 866
	[0b|0|83] 867
	[0b|0|92] 868
	[0b|0|a1] 869
	[0b|0|b0] 870
	[0b|1|0b] 871
	[0b|1|1a] 872
	[0b|1|29] 873
	[0b|1|38] 874
	[0b|1|47] 875
	[0b|1|56] 876
	[0b|1|65] 877
	[0b|1|74] 878
	[0b|1|83] 879
	[0b|1|92] 880
	[0b|1|a1] 881
	[0b|1|b0] 882
	[0b|2|0b] 883
	[0b|2|1a] 884
	[0b|2|29] 885
	[0b|2|38] 886
	[0b|2|47] 887
	[0b|2|56] 888
	[0b|2|65] 889
	[0b|2|74] 890
	[0b|2|83] 891
	[0b|2|92] 892
	[0b|2|a1] 893
	[0b|2|b0] 894
	[0b|3|0b] 895
	[0b|3|1a] 896
	[0b|3|29] 897
	[0b|3|38] 898
	[0b|3|47] 899
	[0b|3|56] 900
	[0b|3|65] 901
	[0b|3|74] 902
	[0b|3|83] 903
	[0b|3|92] 904
	[0b|3|a1] 905
	[0b|3|b0] 906
	[0b|4|0b] 907
	[0b|4|1a] 908
	[0b|4|29] 909
	[0b|4|38] 910
	[0b|4|47] 911
	[0b|4|56] 912
	[0b|4|65] 913
	[0b|4|74] 914
	[0b|4|83] 915
	[0b|4|92] 916
	[0b|4|a1] 917
	[0b|4|b0] 918
	[0b|5|0b] 919
	[0b|5|1a] 920
	[0b|5|29] 921
	[0b|5|38] 922
	[0b|5|47] 923
	[0b|5|56] 924
	[0b|5|65] 925
	[0b|5|74] 926
	[0b|5|83] 927
	[0b|5|92] 928
	[0b|5|a1] 929
	[0b|5|b0] 930
	[0b|6|0b] 931
	[0b|6|1a] 932
	[0b|6|29] 933
	[0b|6|38] 934
	[0b|6|47] 935
	[0b|6|56] 936
	[0b|6|65] 937
	[0b|6|74] 938
	[0b|6|83] 939
	[0b|6|92] 940
	[0b|6|a1] 941
	[0b|6|b0] 942
	[0b|7|0b] 943
	[0b|7|1a] 944
	[0b|7|29] 945
	[0b|7|38] 946
	[0b|7|47] 947
	[0b|7|56] 948
	[0b|7|65] 949
	[0b|7|74] 950
	[0b|7|83] 951
	[0b|7|92] 952
	[0b|7|a1] 953
	[0b|7|b0] 954
	[0b|8|0b] 955
	[0b|8|1a] 956
	[0b|8|29] 957
	[0b|8|38] 958
	[0b|8|47] 959
	[0b|8|56] 960
	[0b|8|65] 961
	[0b|8|74] 962
	[0b|8|83] 963
	[0b|8|92] 964
	[0b|8|a1] 965
	[0b|8|b0] 966
	[0b|9|0b] 967
	[0b|9|1a] 968
	[0b|9|29] 969
	[0b|9|38] 970
	[0b|9|47] 971
	[0b|9|56] 972
	[0b|9|65] 973
	[0b|9|74] 974
	[0b|9|83] 975
	[0b|9|92] 976
	[0b|9|a1] 977
	[0b|9|b0] 978
	[0b|a|0b] 979
	[0b|a|1a] 980
	[0b|a|29] 981
	[0b|a|38] 982
	[0b|a|47] 983
	[0b|a|56] 984
	[0b|a|65] 985
	[0b|a|74] 986
	[0b|a|83] 987
	[0b|a|92] 988
	[0b|a|a1] 989
	[0b|a|b0] 990
	[0b|b|0b] 991
	[0b|b|1a] 992
	[0b|b|29] 993
	[0b|b|38] 994
	[0b|b|47] 995
	[0b|b|56] 996
	[0b|b|65] 997
	[0b|b|74] 998
	[0b|b|83] 999
	[0b|b|92] 1000
	[0b|b|a1] 1001
	[0b|b|b0] 1002
	[0b|c|0b] 1003
	[0b|c|1a] 1004
	[0b|c|29] 1005
	[0b|c|38] 1006
	[0b|c|47] 1007
	[0b|c|56] 1008
	[0b|c|65] 1009
	[0b|c|74] 1010
	[0b|c|83] 1011
	[0b|c|92] 1012
	[0b|c|a1] 1013
	[0b|c|b0] 1014
	[0c|0|0c] 1015
	[0c|0|1b] 1016
	[0c|0|2a] 1017
	[0c|0|39] 1018
	[0c|0|48] 1019
	[0c|0|57] 1020
	[0c|0|66] 1021
	[0c|0|75] 1022
	[0c|0|84] 1023
	[0c|0|93] 1024
	[0c|0|a2] 1025
	[0c|0|b1] 1026
	[0c|0|c0] 1027
	[0c|1|0c] 1028
	[0c|1|1b] 1029
	[0c|1|2a] 1030
	[0c|1|39] 1031
	[0c|1|48] 1032
	[0c|1|57] 1033
	[0c|1|66] 1034
	[0c|1|75] 1035
	[0c|1|84] 1036
	[0c|1|93] 1037
	[0c|1|a2] 1038
	[0c|1|b1] 1039
	[0c|1|c0] 1040
	[0c|2|0c] 1041
	[0c|2|1b] 1042
	[0c|2|2a] 1043
	[0c|2|39] 1044
	[0c|2|48] 1045
	[0c|2|57] 1046
	[0c|2|66] 1047
	[0c|2|75] 1048
	[0c|2|84] 1049
	[0c|2|93] 1050
	[0c|2|a2] 1051
	[0c|2|b1] 1052
	[0c|2|c0] 1053
	[0c|3|0c] 1054
	[0c|3|1b] 1055
	[0c|3|2a] 1056
	[0c|3|39] 1057
	[0c|3|48] 1058
	[0c|3|57] 1059
	[0c|3|66] 1060
	[0c|3|75] 1061
	[0c|3|84] 1062
	[0c|3|93] 1063
	[0c|3|a2] 1064
	[0c|3|b1] 1065
	[0c|3|c0] 1066
	[0c|4|0c] 1067
	[0c|4|1b] 1068
	[0c|4|2a] 1069
	[0c|4|39] 1070
	[0c|4|48] 1071
	[0c|4|57] 1072
	[0c|4|66] 1073
	[0c|4|75] 1074
	[0c|4|84] 1075
	[0c|4|93] 1076
	[0c|4|a2] 1077
	[0c|4|b1] 1078
	[0c|4|c0] 1079
	[0c|5|0c] 1080
	[0c|5|1b] 1081
	[0c|5|2a] 1082
	[0c|5|39] 1083
	[0c|5|48] 1084
	[0c|5|57] 1085
	[0c|5|66] 1086
	[0c|5|75] 1087
	[0c|5|84] 1088
	[0c|5|93] 1089
	[0c|5|a2] 1090
	[0c|5|b1] 1091
	[0c|5|c0] 1092
	[0c|6|0c] 1093
	[0c|6|1b] 1094
	[0c|6|2a] 1095
	[0c|6|39] 1096
	[0c|6|48] 1097
	[0c|6|57] 1098
	[0c|6|66] 1099
	[0c|6|75] 1100
	[0c|6|84] 1101
	[0c|6|93] 1102
	[0c|6|a2] 1103
	[0c|6|b1] 1104
	[0c|6|c0] 1105
	[0c|7|0c] 1106
	[0c|7|1b] 1107
	[0c|7|2a] 1108
	[0c|7|39] 1109
	[0c|7|48] 1110
	[0c|7|57] 1111
	[0c|7|66] 1112
	[0c|7|75] 1113
	[0c|7|84] 1114
	[0c|7|93] 1115
	[0c|7|a2] 1116
	[0c|7|b1] 1117
	[0c|7|c0] 1118
	[0c|8|0c] 1119
	[0c|8|1b] 1120
	[0c|8|2a] 1121
	[0c|8|39] 1122
	[0c|8|48] 1123
	[0c|8|57] 1124
	[0c|8|66] 1125
	[0c|8|75] 1126
	[0c|8|84] 1127
	[0c|8|93] 1128
	[0c|8|a2] 1129
	[0c|8|b1] 1130
	[0c|8|c0] 1131
	[0c|9|0c] 1132
	[0c|9|1b] 1133
	[0c|9|2a] 1134
	[0c|9|39] 1135
	[0c|9|48] 1136
	[0c|9|57] 1137
	[0c|9|66] 1138
	[0c|9|75] 1139
	[0c|9|84] 1140
	[0c|9|93] 1141
	[0c|9|a2] 1142
	[0c|9|b1] 1143
	[0c|9|c0] 1144
	[0c|a|0c] 1145
	[0c|a|1b] 1146
	[0c|a|2a] 1147
	[0c|a|39] 1148
	[0c|a|48] 1149
	[0c|a|57] 1150
	[0c|a|66] 1151
	[0c|a|75] 1152
	[0c|a|84] 1153
	[0c|a|93] 1154
	[0c|a|a2] 1155
	[0c|a|b1] 1156
	[0c|a|c0] 1157
	[0c|b|0c] 1158
	[0c|b|1b] 1159
	[0c|b|2a] 1160
	[0c|b|39] 1161
	[0c|b|48] 1162
	[0c|b|57] 1163
	[0c|b|66] 1164
	[0c|b|75] 1165
	[0c|b|84] 1166
	[0c|b|93] 1167
	[0c|b|a2] 1168
	[0c|b|b1] 1169
	[0c|b|c0] 1170
	[0c|c|0c] 1171
	[0c|c|1b] 1172
	[0c|c|2a] 1173
	[0c|c|39] 1174
	[0c|c|48] 1175
	[0c|c|57] 1176
	[0c|c|66] 1177
	[0c|c|75] 1178
	[0c|c|84] 1179
	[0c|c|93] 1180
	[0c|c|a2] 1181
	[0c|c|b1] 1182
	[0c|c|c0] 1183
	dimension: 5
	computation type: 145771600ns
	quantity of beautiful: 1183

solution 2:
	dimension: 5
	computation type: 161300ns
	quantity of beautiful: 1183
