
solution 1:
	[0|0|0] 1
	[0|1|0] 2
	[0|2|0] 3
	[0|3|0] 4
	[0|4|0] 5
	[0|5|0] 6
	[0|6|0] 7
	[0|7|0] 8
	[0|8|0] 9
	[0|9|0] 10
	[0|a|0] 11
	[0|b|0] 12
	[0|c|0] 13
	[1|0|1] 14
	[1|1|1] 15
	[1|2|1] 16
	[1|3|1] 17
	[1|4|1] 18
	[1|5|1] 19
	[1|6|1] 20
	[1|7|1] 21
	[1|8|1] 22
	[1|9|1] 23
	[1|a|1] 24
	[1|b|1] 25
	[1|c|1] 26
	[2|0|2] 27
	[2|1|2] 28
	[2|2|2] 29
	[2|3|2] 30
	[2|4|2] 31
	[2|5|2] 32
	[2|6|2] 33
	[2|7|2] 34
	[2|8|2] 35
	[2|9|2] 36
	[2|a|2] 37
	[2|b|2] 38
	[2|c|2] 39
	[3|0|3] 40
	[3|1|3] 41
	[3|2|3] 42
	[3|3|3] 43
	[3|4|3] 44
	[3|5|3] 45
	[3|6|3] 46
	[3|7|3] 47
	[3|8|3] 48
	[3|9|3] 49
	[3|a|3] 50
	[3|b|3] 51
	[3|c|3] 52
	[4|0|4] 53
	[4|1|4] 54
	[4|2|4] 55
	[4|3|4] 56
	[4|4|4] 57
	[4|5|4] 58
	[4|6|4] 59
	[4|7|4] 60
	[4|8|4] 61
	[4|9|4] 62
	[4|a|4] 63
	[4|b|4] 64
	[4|c|4] 65
	[5|0|5] 66
	[5|1|5] 67
	[5|2|5] 68
	[5|3|5] 69
	[5|4|5] 70
	[5|5|5] 71
	[5|6|5] 72
	[5|7|5] 73
	[5|8|5] 74
	[5|9|5] 75
	[5|a|5] 76
	[5|b|5] 77
	[5|c|5] 78
	[6|0|6] 79
	[6|1|6] 80
	[6|2|6] 81
	[6|3|6] 82
	[6|4|6] 83
	[6|5|6] 84
	[6|6|6] 85
	[6|7|6] 86
	[6|8|6] 87
	[6|9|6] 88
	[6|a|6] 89
	[6|b|6] 90
	[6|c|6] 91
	[7|0|7] 92
	[7|1|7] 93
	[7|2|7] 94
	[7|3|7] 95
	[7|4|7] 96
	[7|5|7] 97
	[7|6|7] 98
	[7|7|7] 99
	[7|8|7] 100
	[7|9|7] 101
	[7|a|7] 102
	[7|b|7] 103
	[7|c|7] 104
	[8|0|8] 105
	[8|1|8] 106
	[8|2|8] 107
	[8|3|8] 108
	[8|4|8] 109
	[8|5|8] 110
	[8|6|8] 111
	[8|7|8] 112
	[8|8|8] 113
	[8|9|8] 114
	[8|a|8] 115
	[8|b|8] 116
	[8|c|8] 117
	[9|0|9] 118
	[9|1|9] 119
	[9|2|9] 120
	[9|3|9] 121
	[9|4|9] 122
	[9|5|9] 123
	[9|6|9] 124
	[9|7|9] 125
	[9|8|9] 126
	[9|9|9] 127
	[9|a|9] 128
	[9|b|9] 129
	[9|c|9] 130
	[a|0|a] 131
	[a|1|a] 132
	[a|2|a] 133
	[a|3|a] 134
	[a|4|a] 135
	[a|5|a] 136
	[a|6|a] 137
	[a|7|a] 138
	[a|8|a] 139
	[a|9|a] 140
	[a|a|a] 141
	[a|b|a] 142
	[a|c|a] 143
	[b|0|b] 144
	[b|1|b] 145
	[b|2|b] 146
	[b|3|b] 147
	[b|4|b] 148
	[b|5|b] 149
	[b|6|b] 150
	[b|7|b] 151
	[b|8|b] 152
	[b|9|b] 153
	[b|a|b] 154
	[b|b|b] 155
	[b|c|b] 156
	[c|0|c] 157
	[c|1|c] 158
	[c|2|c] 159
	[c|3|c] 160
	[c|4|c] 161
	[c|5|c] 162
	[c|6|c] 163
	[c|7|c] 164
	[c|8|c] 165
	[c|9|c] 166
	[c|a|c] 167
	[c|b|c] 168
	[c|c|c] 169
	dimension: 3
	computation type: 3750700ns
	quantity of beautiful: 169

solution 2:
	isn't consider!
