
solution 1:
	[00|00] 1
	[01|01] 2
	[01|10] 3
	[02|02] 4
	[02|11] 5
	[02|20] 6
	[03|03] 7
	[03|12] 8
	[03|21] 9
	[03|30] 10
	[04|04] 11
	[04|13] 12
	[04|22] 13
	[04|31] 14
	[04|40] 15
	[05|05] 16
	[05|14] 17
	[05|23] 18
	[05|32] 19
	[05|41] 20
	[05|50] 21
	[06|06] 22
	[06|15] 23
	[06|24] 24
	[06|33] 25
	[06|42] 26
	[06|51] 27
	[06|60] 28
	[07|07] 29
	[07|16] 30
	[07|25] 31
	[07|34] 32
	[07|43] 33
	[07|52] 34
	[07|61] 35
	[07|70] 36
	[08|08] 37
	[08|17] 38
	[08|26] 39
	[08|35] 40
	[08|44] 41
	[08|53] 42
	[08|62] 43
	[08|71] 44
	[08|80] 45
	[09|09] 46
	[09|18] 47
	[09|27] 48
	[09|36] 49
	[09|45] 50
	[09|54] 51
	[09|63] 52
	[09|72] 53
	[09|81] 54
	[09|90] 55
	[0a|0a] 56
	[0a|19] 57
	[0a|28] 58
	[0a|37] 59
	[0a|46] 60
	[0a|55] 61
	[0a|64] 62
	[0a|73] 63
	[0a|82] 64
	[0a|91] 65
	[0a|a0] 66
	[0b|0b] 67
	[0b|1a] 68
	[0b|29] 69
	[0b|38] 70
	[0b|47] 71
	[0b|56] 72
	[0b|65] 73
	[0b|74] 74
	[0b|83] 75
	[0b|92] 76
	[0b|a1] 77
	[0b|b0] 78
	[0c|0c] 79
	[0c|1b] 80
	[0c|2a] 81
	[0c|39] 82
	[0c|48] 83
	[0c|57] 84
	[0c|66] 85
	[0c|75] 86
	[0c|84] 87
	[0c|93] 88
	[0c|a2] 89
	[0c|b1] 90
	[0c|c0] 91
	dimension: 4
	computation type: 12423400ns
	quantity of beautiful: 91

solution 2:
	dimension: 4
	computation type: 129900ns
	quantity of beautiful: 91
